968757098412392448
968973877260730379
968973878271574057
968973881463414884
968972925044674674
968537776045830164
968537758073249822
968973880117047396
968973877210382368
968537718659350589
968973878233804880
968973883292127273
968549573259853844
968537711537455105
968973877252325406
968973878535802931
968537717107490866
968537671897063484
968537715274551337
968973878787473428
968973881102696471
968537777530601524
968972925011124294
968537733188419614
968972925044682783
968537713454231552
968537722887233626
968973882927251486
968973880058314782
968973882801405992
968973877210382366
968537786091180102
968973882847543326
968756779586580500
968973878951026739
968549572425154651
968973877000671262
968973877235568670
968537756781379644
968972925245993070
968537760413659206
968972925090811956
968537730697007115
968972925032095774
968972925032071198
968972926265229362
968537633074577508
968537673260232754
968973880058339338
968546933788508210
968973883543801896
968973883380236380
968537629668827236
968973883011121192
968973885242494997
968537745549049896
968863019637551114
968973880108662864
968973886538534952
968972926231674900
968973882663002212
968973877252333678
968537725357682689
968973878640640030
968973878628077609
968537780617642115
968973878707765278
968537759193104384
968973879999594546
968973877076172850
968973882046423050
968537761583878145
968973883338268693
968972924839153795
968972925225033798
968537727006019625
968973877269102672
968973881358549012
968972925019521074
968973880112840764
968972926126792754
968537674568839168
968973881438253136
968973882797211698
968972925199855646
968537723977732148
968972926076461128
968972925208248340
968973878116360263
968972924939829271
968973878988800070
968973881983508580
968973877084585984
968547592180998174
968972926177124382
968973878321897552
968973881622798457
968973877206188163
968973877298487377
968537739999977572
968537754386436096
968972925355049061
968973882210025512
968973881257897985
968537779120255027
968973882700726333
968973877080359002
968973877378179133
966735767638507542
968973881304031232
968972924952404018
968973882491019314
968973877101350932
968973880117043210
968973882788814848
968537774804303942
968973882772049960
968537755388870676
968973883493457980
968973881421471754
968537749072265237
968973883141161030
968973881505349642
968756999447789648
968973880133824543
968973878443515934
968973880100270140
968973878598701066
968972924692332656
968537783415210034
968537773449576529
968973883954847795
968973881345974342
968537746597642242
968973877164257351
968578910549848114
968973881350185040
968973884835659827
968973878464487484
968973882713317396
968973882386169928
968973881463435384
968973877722095687
968973882977583124
968973877529178122
968972925074038784
968973880947531818
968537781917872148
968973882079989790
968537728306282637
968863070074064947
968973881761210438
968537729564553247
968537731829485638
968973877868900353
968537721465352262
968973880117047356
968537630646100039
968973877134888980
968972925036265502
968972925170495508
968972925015322654
968973876560281701
968973882012893274
968973883598331904
968972925132767302
968972925061459998
968973881375359086
968973876744818730
968537735646302229
968973880184156170
968973881505362010
968973883103399976
968972924893659207
968973877071994910
968973877025853481
968973878472871937
968973881564074055
