966735766925500458
968584515679309874
968537624870535208
968537624010715157
968537623800983612
968537622890840135
968537622681112637
968537616586797116
968537616020553749
968537615433338961
968537614745501746
968537614250569809
968537613789175838
968537613361348698
968537612493131868
968537612170178599
968537611239039007
968537611134181466
968537603274072084
968537602552631317
968537601969623061
968537610555367454
968537620521046047
968537609934614608
968537609502589018
968537608651157505
968537608579874827
968537607304802324
968537606587560006
968537607921348709
968537604914024459
968537577336504360
967098776533737503
968537576833171497
968537579991470180
968537578968055850
968537577982427187
968537583300792381
968537584206745650
968537583263035495
968537597339111444
968537595720110120
968537596630302720
968537595988570214
968537595283898438
968537591899127858
968537594726080664
968537594105315358
968537591467085975
968537590250737705
968537591022510110
968537589990686780
968537589084737618
968537587524464720
968537588606595172
968537588010979429
968537587063083008
968537585163055214
968537586496831510
968537585431498823
968537584668139560
968537597930516500
968537599494979634
968537598752620644
968537582688407583
968537582235418674
968537581736304640
968537580821938247
968537580536737852
968537575197388880
968537574698274896
968537574249484308
968537573783900180
968537572987002941
968537572164923432
968537571275714622
968537568738156554
968537570537504809
968537569920970752
968537569438597161
968537566330622044
968585200210698361
968537568327106630
968537565911212092
968537566741663866
968537565361754142
968584989115576393
968537564862636052
968537564283822150
968537552413937684
968537563784699964
968537554867605554
968585681574182932
968537552506212354
968582119838343198
968988869108314274
